{"cells":[{"cell_type":"markdown","metadata":{},"source":["# Plot failure domain for toy problems"]},{"cell_type":"code","execution_count":3,"metadata":{},"outputs":[{"name":"stdout","output_type":"stream","text":["The autoreload extension is already loaded. To reload it, use:\n","  %reload_ext autoreload\n"]}],"source":["from os import path\n","import rareeventestimation as ree\n","import numpy as np\n","import plotly.express as px\n","from rareeventestimation.evaluation.constants import INDICATOR_APPROX_LATEX_NAME, BM_SOLVER_SCATTER_STYLE, MY_LAYOUT, DF_COLUMNS_TO_LATEX, LATEX_TO_HTML, WRITE_SCALE\n","import plotly.graph_objects as go\n","from IPython.display import display, Markdown\n","# recommended: use autoreload for development: https://ipython.readthedocs.io/en/stable/config/extensions/autoreload.html\n","%load_ext autoreload\n","%autoreload 2"]},{"cell_type":"code","execution_count":4,"metadata":{},"outputs":[{"data":{"application/vnd.plotly.v1+json":{"config":{"plotlyServerURL":"https://plot.ly"},"data":[{"colorscale":[[0,"grey"],[1,"white"]],"contours":{"end":0,"showlabels":true,"size":0,"start":0},"line":{"width":2},"showlegend":false,"showscale":false,"type":"contour","x":[-6,-5.9,-5.800000000000001,-5.700000000000001,-5.600000000000001,-5.500000000000002,-5.400000000000002,-5.3000000000000025,-5.200000000000003,-5.100000000000003,-5.0000000000000036,-4.900000000000004,-4.800000000000004,-4.700000000000005,-4.600000000000005,-4.500000000000005,-4.400000000000006,-4.300000000000006,-4.200000000000006,-4.100000000000007,-4.000000000000007,-3.9000000000000075,-3.800000000000008,-3.700000000000008,-3.6000000000000085,-3.500000000000009,-3.4000000000000092,-3.3000000000000096,-3.20000000000001,-3.1000000000000103,-3.0000000000000107,-2.900000000000011,-2.8000000000000114,-2.7000000000000117,-2.600000000000012,-2.5000000000000124,-2.400000000000013,-2.300000000000013,-2.2000000000000135,-2.100000000000014,-2.000000000000014,-1.9000000000000146,-1.800000000000015,-1.7000000000000153,-1.6000000000000156,-1.500000000000016,-1.4000000000000163,-1.3000000000000167,-1.200000000000017,-1.1000000000000174,-1.0000000000000178,-0.9000000000000181,-0.8000000000000185,-0.7000000000000188,-0.6000000000000192,-0.5000000000000195,-0.4000000000000199,-0.30000000000002025,-0.2000000000000206,-0.10000000000002096,-2.1316282072803006e-14,0.09999999999997833,0.19999999999997797,0.2999999999999776,0.39999999999997726,0.4999999999999769,0.5999999999999766,0.6999999999999762,0.7999999999999758,0.8999999999999755,0.9999999999999751,1.0999999999999748,1.1999999999999744,1.299999999999974,1.3999999999999737,1.4999999999999734,1.599999999999973,1.6999999999999726,1.7999999999999723,1.899999999999972,1.9999999999999716,2.0999999999999712,2.199999999999971,2.2999999999999705,2.39999999999997,2.49999999999997,2.5999999999999694,2.699999999999969,2.7999999999999687,2.8999999999999684,2.999999999999968,3.0999999999999677,3.1999999999999673,3.299999999999967,3.3999999999999666,3.4999999999999662,3.599999999999966,3.6999999999999655,3.799999999999965,3.899999999999965,3.9999999999999645,4.099999999999964,4.199999999999964,4.299999999999963,4.399999999999963,4.499999999999963,4.599999999999962,4.699999999999962,4.799999999999962,4.899999999999961,4.999999999999961,5.099999999999961,5.19999999999996,5.29999999999996,5.3999999999999595,5.499999999999959,5.599999999999959,5.699999999999958,5.799999999999958,5.899999999999958],"y":[-6,-5.9,-5.800000000000001,-5.700000000000001,-5.600000000000001,-5.500000000000002,-5.400000000000002,-5.3000000000000025,-5.200000000000003,-5.100000000000003,-5.0000000000000036,-4.900000000000004,-4.800000000000004,-4.700000000000005,-4.600000000000005,-4.500000000000005,-4.400000000000006,-4.300000000000006,-4.200000000000006,-4.100000000000007,-4.000000000000007,-3.9000000000000075,-3.800000000000008,-3.700000000000008,-3.6000000000000085,-3.500000000000009,-3.4000000000000092,-3.3000000000000096,-3.20000000000001,-3.1000000000000103,-3.0000000000000107,-2.900000000000011,-2.8000000000000114,-2.7000000000000117,-2.600000000000012,-2.5000000000000124,-2.400000000000013,-2.300000000000013,-2.2000000000000135,-2.100000000000014,-2.000000000000014,-1.9000000000000146,-1.800000000000015,-1.7000000000000153,-1.6000000000000156,-1.500000000000016,-1.4000000000000163,-1.3000000000000167,-1.200000000000017,-1.1000000000000174,-1.0000000000000178,-0.9000000000000181,-0.8000000000000185,-0.7000000000000188,-0.6000000000000192,-0.5000000000000195,-0.4000000000000199,-0.30000000000002025,-0.2000000000000206,-0.10000000000002096,-2.1316282072803006e-14,0.09999999999997833,0.19999999999997797,0.2999999999999776,0.39999999999997726,0.4999999999999769,0.5999999999999766,0.6999999999999762,0.7999999999999758,0.8999999999999755,0.9999999999999751,1.0999999999999748,1.1999999999999744,1.299999999999974,1.3999999999999737,1.4999999999999734,1.599999999999973,1.6999999999999726,1.7999999999999723,1.899999999999972,1.9999999999999716,2.0999999999999712,2.199999999999971,2.2999999999999705,2.39999999999997,2.49999999999997,2.5999999999999694,2.699999999999969,2.7999999999999687,2.8999999999999684,2.999999999999968,3.0999999999999677,3.1999999999999673,3.299999999999967,3.3999999999999666,3.4999999999999662,3.599999999999966,3.6999999999999655,3.799999999999965,3.899999999999965,3.9999999999999645,4.099999999999964,4.199999999999964,4.299999999999963,4.399999999999963,4.499999999999963,4.599999999999962,4.699999999999962,4.799999999999962,4.899999999999961,4.999999999999961,5.099999999999961,5.19999999999996,5.29999999999996,5.3999999999999595,5.499999999999959,5.599999999999959,5.699999999999958,5.799999999999958,5.899999999999958],"z":[[10.98528137423857,10.915570696119914,10.84786001800126,10.782149339882606,10.718438661763951,10.656727983645297,10.597017305526641,10.539306627407989,10.483595949289333,10.42988527117068,10.378174593052023,10.32846391493337,10.280753236814714,10.23504255869606,10.191331880577405,10.14962120245875,10.109910524340096,10.07219984622144,10.036489168102786,10.00277848998413,9.971067811865478,9.941357133746823,9.913646455628168,9.887935777509512,9.864225099390858,9.842514421272202,9.822803743153548,9.805093065034892,9.789382386916238,9.775671708797583,9.763961030678928,9.754250352560273,9.746539674441618,9.740828996322964,9.73711831820431,9.735407640085654,9.735696961967,9.737986283848343,9.742275605729688,9.748564927611033,9.756854249492378,9.767143571373722,9.77943289325507,9.793722215136413,9.810011537017758,9.828300858899103,9.848590180780448,9.870879502661793,9.895168824543138,9.921458146424483,9.949747468305826,9.980036790187173,10.012326112068518,10.046615433949862,10.082904755831207,10.12119407771255,10.161483399593894,10.203772721475241,10.248062043356585,10.29435136523793,10.342640687119275,10.392930009000619,10.445219330881963,10.499508652763309,10.555797974644653,10.614087296525998,10.674376618407342,10.736665940288686,10.800955262170032,10.867244584051376,10.93553390593272,11.005823227814066,11.07811254969541,11.152401871576753,11.228691193458099,11.306980515339443,11.387269837220789,11.469559159102133,11.553848480983476,11.640137802864821,11.728427124746165,11.818716446627509,11.911005768508854,12.005295090390199,12.101584412271542,12.199873734152886,12.300163056034231,12.402452377915575,12.506741699796919,12.613031021678264,12.721320343559608,12.83160966544095,12.943898987322296,13.05818830920364,13.174477631084985,13.292766952966328,13.413056274847673,13.535345596729016,13.659634918610362,13.785924240491706,13.91421356237305,14.044502884254396,14.176792206135739,14.311081528017082,14.447370849898427,14.58566017177977,14.725949493661114,14.868238815542458,15.012528137423802,15.158817459305144,15.307106781186489,15.457396103067833,15.609685424949177,15.76397474683052,15.920264068711866,16.07855339059321,16.23884271247455,16.401132034355896,16.56542135623724,16.731710678118585],[10.915570696119914,10.84386001800126,10.774149339882605,10.70643866176395,10.640727983645297,10.577017305526642,10.515306627407988,10.455595949289332,10.39788527117068,10.342174593052023,10.28846391493337,10.236753236814716,10.18704255869606,10.139331880577405,10.09362120245875,10.049910524340095,10.00819984622144,9.968489168102787,9.930778489984132,9.895067811865477,9.861357133746822,9.829646455628168,9.799935777509514,9.772225099390859,9.746514421272202,9.722803743153548,9.701093065034893,9.681382386916239,9.663671708797583,9.647961030678928,9.634250352560274,9.622539674441619,9.612828996322964,9.60511831820431,9.599407640085655,9.595696961967,9.593986283848345,9.59427560572969,9.596564927611034,9.600854249492379,9.607143571373724,9.61543289325507,9.625722215136415,9.63801153701776,9.652300858899103,9.668590180780448,9.686879502661794,9.707168824543139,9.729458146424484,9.753747468305829,9.780036790187173,9.808326112068517,9.838615433949863,9.870904755831209,9.905194077712553,9.941483399593897,9.979772721475243,10.020062043356587,10.062351365237932,10.106640687119276,10.15293000900062,10.201219330881965,10.25150865276331,10.303797974644654,10.358087296526,10.414376618407344,10.472665940288689,10.532955262170033,10.595244584051377,10.659533905932722,10.725823227814066,10.794112549695411,10.864401871576757,10.9366911934581,11.010980515339444,11.08726983722079,11.165559159102134,11.24584848098348,11.328137802864823,11.412427124746166,11.498716446627512,11.587005768508856,11.6772950903902,11.769584412271545,11.86387373415289,11.960163056034235,12.058452377915577,12.158741699796922,12.261031021678265,12.36532034355961,12.471609665440955,12.579898987322299,12.690188309203641,12.802477631084987,12.91676695296633,13.033056274847675,13.15134559672902,13.271634918610363,13.393924240491708,13.518213562373054,13.644502884254397,13.77279220613574,13.903081528017086,14.03537084989843,14.169660171779773,14.305949493661117,14.44423881554246,14.584528137423804,14.726817459305149,14.871106781186493,15.017396103067835,15.16568542494918,15.315974746830523,15.46826406871187,15.622553390593213,15.778842712474557,15.937132034355901,16.09742135623724,16.259710678118587,16.423999999999932],[10.84786001800126,10.774149339882605,10.702438661763951,10.632727983645296,10.565017305526641,10.49930662740799,10.435595949289333,10.373885271170678,10.314174593052023,10.25646391493337,10.200753236814716,10.14704255869606,10.095331880577406,10.04562120245875,9.997910524340096,9.952199846221442,9.908489168102786,9.866778489984133,9.82706781186548,9.789357133746822,9.753646455628168,9.719935777509512,9.68822509939086,9.658514421272205,9.63080374315355,9.605093065034895,9.58138238691624,9.559671708797584,9.53996103067893,9.522250352560274,9.506539674441619,9.492828996322965,9.481118318204311,9.471407640085655,9.463696961967,9.457986283848346,9.454275605729691,9.452564927611036,9.45285424949238,9.455143571373725,9.459432893255071,9.465722215136417,9.47401153701776,9.484300858899106,9.496590180780451,9.510879502661794,9.52716882454314,9.545458146424485,9.56574746830583,9.588036790187175,9.61232611206852,9.638615433949864,9.666904755831208,9.697194077712554,9.7294833995939,9.763772721475243,9.800062043356588,9.838351365237934,9.878640687119278,9.920930009000623,9.965219330881967,10.011508652763311,10.059797974644656,10.110087296526,10.162376618407347,10.21666594028869,10.272955262170035,10.33124458405138,10.391533905932723,10.453823227814068,10.518112549695413,10.584401871576757,10.652691193458104,10.722980515339447,10.795269837220792,10.869559159102135,10.94584848098348,11.024137802864825,11.10442712474617,11.186716446627514,11.271005768508857,11.357295090390203,11.445584412271547,11.535873734152892,11.628163056034236,11.72245237791558,11.818741699796925,11.91703102167827,12.017320343559613,12.119609665440956,12.2238989873223,12.330188309203646,12.43847763108499,12.548766952966332,12.661056274847677,12.775345596729021,12.891634918610368,13.009924240491712,13.130213562373056,13.2525028842544,13.376792206135745,13.503081528017088,13.631370849898431,13.761660171779777,13.89394949366112,14.028238815542464,14.164528137423808,14.302817459305151,14.443106781186495,14.58539610306784,14.729685424949183,14.875974746830526,15.024264068711872,15.174553390593216,15.32684271247456,15.481132034355904,15.637421356237247,15.795710678118592,15.955999999999934,16.118289321881278],[10.782149339882606,10.70643866176395,10.632727983645296,10.561017305526642,10.491306627407988,10.423595949289332,10.35788527117068,10.294174593052023,10.23246391493337,10.172753236814716,10.11504255869606,10.059331880577407,10.005621202458752,9.953910524340097,9.904199846221442,9.856489168102787,9.810778489984134,9.767067811865479,9.725357133746824,9.68564645562817,9.647935777509513,9.612225099390859,9.578514421272203,9.54680374315355,9.517093065034896,9.48938238691624,9.463671708797586,9.43996103067893,9.418250352560275,9.39853967444162,9.380828996322965,9.365118318204312,9.351407640085657,9.339696961967002,9.329986283848346,9.322275605729692,9.316564927611036,9.312854249492382,9.311143571373727,9.311432893255072,9.313722215136417,9.318011537017762,9.324300858899107,9.332590180780452,9.342879502661797,9.355168824543142,9.369458146424487,9.385747468305832,9.404036790187176,9.42432611206852,9.446615433949866,9.47090475583121,9.497194077712555,9.525483399593899,9.555772721475245,9.58806204335659,9.622351365237934,9.658640687119279,9.696930009000624,9.737219330881969,9.779508652763313,9.823797974644657,9.870087296526002,9.918376618407347,9.968665940288693,10.020955262170038,10.075244584051381,10.131533905932725,10.18982322781407,10.250112549695414,10.312401871576759,10.376691193458104,10.44298051533945,10.511269837220794,10.581559159102138,10.653848480983482,10.728137802864827,10.804427124746171,10.882716446627516,10.96300576850886,11.045295090390205,11.129584412271548,11.215873734152893,11.304163056034238,11.394452377915583,11.486741699796926,11.581031021678271,11.677320343559616,11.77560966544096,11.875898987322303,11.978188309203647,12.082477631084991,12.188766952966336,12.29705627484768,12.407345596729023,12.519634918610368,12.633924240491714,12.750213562373059,12.868502884254402,12.988792206135747,13.11108152801709,13.235370849898436,13.361660171779778,13.489949493661122,13.620238815542468,13.75252813742381,13.886817459305155,14.023106781186499,14.161396103067842,14.301685424949186,14.44397474683053,14.588264068711876,14.734553390593218,14.882842712474563,15.033132034355907,15.185421356237251,15.339710678118594,15.495999999999938,15.654289321881283,15.814578643762625],[10.718438661763951,10.640727983645297,10.565017305526641,10.491306627407988,10.419595949289334,10.34988527117068,10.282174593052023,10.216463914933371,10.152753236814716,10.09104255869606,10.031331880577406,9.973621202458752,9.917910524340098,9.864199846221442,9.812489168102788,9.762778489984134,9.71506781186548,9.669357133746825,9.62564645562817,9.583935777509515,9.54422509939086,9.506514421272204,9.47080374315355,9.437093065034896,9.40538238691624,9.375671708797586,9.347961030678931,9.322250352560276,9.29853967444162,9.276828996322966,9.257118318204313,9.239407640085657,9.223696961967002,9.209986283848348,9.198275605729693,9.188564927611036,9.180854249492382,9.175143571373727,9.171432893255073,9.169722215136417,9.170011537017762,9.172300858899108,9.176590180780453,9.182879502661798,9.191168824543142,9.20145814642449,9.213747468305833,9.228036790187177,9.244326112068523,9.262615433949867,9.282904755831211,9.305194077712557,9.3294833995939,9.355772721475248,9.384062043356591,9.414351365237936,9.446640687119281,9.480930009000625,9.51721933088197,9.555508652763315,9.59579797464466,9.638087296526004,9.68237661840735,9.728665940288694,9.776955262170038,9.827244584051384,9.879533905932728,9.933823227814074,9.990112549695416,10.048401871576761,10.108691193458107,10.170980515339451,10.235269837220795,10.30155915910214,10.369848480983485,10.440137802864829,10.512427124746173,10.586716446627518,10.663005768508864,10.741295090390206,10.821584412271552,10.903873734152896,10.98816305603424,11.074452377915584,11.162741699796928,11.253031021678273,11.345320343559617,11.439609665440962,11.535898987322307,11.634188309203651,11.734477631084994,11.836766952966338,11.941056274847682,12.047345596729027,12.155634918610371,12.265924240491715,12.37821356237306,12.492502884254405,12.60879220613575,12.727081528017093,12.847370849898438,12.96966017177978,13.093949493661126,13.22023881554247,13.348528137423813,13.478817459305159,13.611106781186502,13.745396103067845,13.88168542494919,14.019974746830535,14.160264068711879,14.302553390593223,14.446842712474567,14.593132034355909,14.741421356237254,14.891710678118597,15.043999999999942,15.198289321881285,15.354578643762629,15.512867965643974],[10.656727983645297,10.577017305526642,10.49930662740799,10.423595949289332,10.34988527117068,10.278174593052025,10.20846391493337,10.140753236814716,10.075042558696062,10.011331880577407,9.94962120245875,9.889910524340097,9.832199846221442,9.776489168102788,9.722778489984133,9.67106781186548,9.621357133746825,9.57364645562817,9.527935777509516,9.48422509939086,9.442514421272206,9.402803743153552,9.365093065034896,9.329382386916242,9.295671708797586,9.263961030678932,9.234250352560277,9.206539674441622,9.180828996322967,9.157118318204313,9.135407640085658,9.115696961967004,9.097986283848348,9.082275605729693,9.068564927611039,9.056854249492384,9.047143571373727,9.039432893255075,9.033722215136418,9.030011537017764,9.028300858899108,9.028590180780453,9.030879502661799,9.035168824543144,9.041458146424489,9.049747468305835,9.06003679018718,9.072326112068524,9.086615433949868,9.102904755831213,9.121194077712557,9.141483399593902,9.163772721475247,9.188062043356593,9.214351365237938,9.242640687119282,9.272930009000627,9.305219330881972,9.339508652763316,9.375797974644662,9.414087296526006,9.454376618407352,9.496665940288695,9.54095526217004,9.587244584051385,9.63553390593273,9.685823227814074,9.738112549695419,9.792401871576764,9.848691193458109,9.906980515339452,9.967269837220798,10.029559159102142,10.093848480983485,10.160137802864831,10.228427124746176,10.29871644662752,10.371005768508866,10.445295090390209,10.521584412271554,10.599873734152899,10.680163056034242,10.762452377915587,10.846741699796931,10.933031021678275,11.02132034355962,11.111609665440964,11.20389898732231,11.298188309203654,11.394477631084998,11.492766952966342,11.593056274847685,11.69534559672903,11.799634918610373,11.90592424049172,12.014213562373063,12.124502884254406,12.236792206135751,12.351081528017096,12.46737084989844,12.585660171779784,12.705949493661128,12.828238815542472,12.952528137423817,13.07881745930516,13.207106781186503,13.33739610306785,13.469685424949192,13.603974746830538,13.740264068711882,13.878553390593225,14.01884271247457,14.161132034355914,14.305421356237257,14.4517106781186,14.599999999999945,14.750289321881288,14.902578643762633,15.056867965643976,15.21315728752532],[10.597017305526641,10.515306627407988,10.435595949289333,10.35788527117068,10.282174593052023,10.20846391493337,10.136753236814716,10.067042558696063,9.999331880577406,9.933621202458752,9.869910524340098,9.808199846221441,9.748489168102788,9.690778489984133,9.63506781186548,9.581357133746824,9.529646455628171,9.479935777509516,9.43222509939086,9.386514421272206,9.342803743153551,9.301093065034898,9.261382386916242,9.223671708797587,9.187961030678933,9.154250352560277,9.122539674441622,9.092828996322968,9.065118318204313,9.03940764008566,9.015696961967004,8.993986283848349,8.974275605729694,8.956564927611039,8.940854249492384,8.92714357137373,8.915432893255074,8.90572221513642,8.898011537017766,8.892300858899109,8.888590180780454,8.886879502661799,8.887168824543144,8.88945814642449,8.893747468305836,8.90003679018718,8.908326112068526,8.91861543394987,8.930904755831214,8.945194077712559,8.961483399593904,8.97977272147525,9.000062043356595,9.022351365237938,9.046640687119284,9.072930009000629,9.101219330881973,9.131508652763317,9.163797974644663,9.198087296526008,9.234376618407353,9.272665940288697,9.312955262170043,9.355244584051386,9.399533905932731,9.445823227814076,9.494112549695421,9.544401871576765,9.59669119345811,9.650980515339455,9.7072698372208,9.765559159102143,9.825848480983488,9.888137802864833,9.952427124746176,10.018716446627522,10.087005768508867,10.15729509039021,10.229584412271556,10.3038737341529,10.380163056034245,10.45845237791559,10.538741699796933,10.621031021678277,10.705320343559622,10.791609665440966,10.879898987322312,10.970188309203655,11.062477631085,11.156766952966345,11.253056274847689,11.351345596729033,11.451634918610377,11.553924240491721,11.658213562373065,11.76450288425441,11.872792206135754,11.983081528017097,12.095370849898442,12.209660171779786,12.325949493661131,12.444238815542475,12.56452813742382,12.686817459305162,12.811106781186508,12.93739610306785,13.065685424949194,13.19597474683054,13.328264068711885,13.462553390593229,13.598842712474573,13.737132034355916,13.87742135623726,14.019710678118605,14.163999999999948,14.31028932188129,14.458578643762635,14.608867965643979,14.761157287525323,14.915446609406667],[10.539306627407989,10.455595949289332,10.373885271170678,10.294174593052023,10.216463914933371,10.140753236814716,10.067042558696063,9.995331880577407,9.925621202458753,9.857910524340097,9.792199846221443,9.728489168102788,9.666778489984134,9.60706781186548,9.549357133746824,9.49364645562817,9.439935777509515,9.388225099390862,9.338514421272206,9.290803743153552,9.245093065034897,9.201382386916244,9.159671708797589,9.119961030678933,9.082250352560278,9.046539674441624,9.012828996322968,8.981118318204313,8.951407640085659,8.923696961967003,8.89798628384835,8.874275605729695,8.85256492761104,8.832854249492385,8.81514357137373,8.799432893255076,8.78572221513642,8.774011537017765,8.76430085889911,8.756590180780456,8.7508795026618,8.747168824543145,8.745458146424491,8.745747468305836,8.74803679018718,8.752326112068527,8.75861543394987,8.766904755831217,8.777194077712561,8.789483399593905,8.803772721475251,8.820062043356595,8.83835136523794,8.858640687119285,8.880930009000629,8.905219330881975,8.93150865276332,8.959797974644664,8.99008729652601,9.022376618407353,9.056665940288699,9.092955262170044,9.131244584051387,9.171533905932733,9.213823227814078,9.258112549695422,9.304401871576767,9.352691193458112,9.402980515339456,9.4552698372208,9.509559159102146,9.56584848098349,9.624137802864835,9.684427124746179,9.746716446627524,9.811005768508867,9.877295090390213,9.945584412271558,10.015873734152903,10.088163056034247,10.16245237791559,10.238741699796936,10.31703102167828,10.397320343559624,10.479609665440968,10.563898987322313,10.650188309203658,10.738477631085003,10.828766952966346,10.921056274847691,11.015345596729036,11.111634918610381,11.209924240491723,11.310213562373068,11.412502884254412,11.516792206135756,11.623081528017101,11.731370849898445,11.841660171779788,11.953949493661133,12.068238815542477,12.184528137423822,12.302817459305166,12.42310678118651,12.545396103067853,12.669685424949199,12.795974746830542,12.924264068711887,13.054553390593233,13.186842712474576,13.32113203435592,13.457421356237264,13.595710678118607,13.735999999999951,13.878289321881295,14.022578643762639,14.168867965643981,14.317157287525326,14.46744660940667,14.619735931288014],[10.483595949289333,10.39788527117068,10.314174593052023,10.23246391493337,10.152753236814716,10.075042558696062,9.999331880577406,9.925621202458753,9.853910524340098,9.784199846221444,9.716489168102788,9.650778489984134,9.58706781186548,9.525357133746825,9.465646455628171,9.407935777509515,9.35222509939086,9.298514421272206,9.246803743153553,9.197093065034899,9.149382386916244,9.103671708797588,9.059961030678934,9.01825035256028,8.978539674441624,8.940828996322969,8.905118318204316,8.87140764008566,8.839696961967004,8.80998628384835,8.782275605729694,8.756564927611041,8.732854249492386,8.71114357137373,8.691432893255076,8.673722215136422,8.658011537017767,8.644300858899111,8.632590180780456,8.622879502661801,8.615168824543147,8.609458146424492,8.605747468305836,8.604036790187182,8.604326112068527,8.606615433949871,8.610904755831218,8.617194077712561,8.625483399593907,8.635772721475252,8.648062043356596,8.662351365237942,8.678640687119286,8.696930009000631,8.717219330881976,8.73950865276332,8.763797974644666,8.79008729652601,8.818376618407356,8.8486659402887,8.880955262170044,8.91524458405139,8.951533905932735,8.989823227814078,9.030112549695424,9.07240187157677,9.116691193458113,9.162980515339457,9.211269837220803,9.261559159102147,9.313848480983491,9.368137802864837,9.424427124746181,9.482716446627526,9.54300576850887,9.605295090390214,9.669584412271558,9.735873734152904,9.804163056034248,9.874452377915594,9.946741699796938,10.021031021678283,10.097320343559627,10.175609665440971,10.255898987322315,10.338188309203659,10.422477631085004,10.508766952966349,10.597056274847693,10.687345596729038,10.779634918610382,10.873924240491727,10.970213562373072,11.068502884254414,11.168792206135759,11.271081528017103,11.375370849898447,11.481660171779792,11.589949493661136,11.700238815542479,11.812528137423824,11.926817459305168,12.043106781186513,12.161396103067856,12.2816854249492,12.403974746830546,12.528264068711891,12.654553390593234,12.782842712474578,12.913132034355923,13.045421356237267,13.17971067811861,13.315999999999955,13.454289321881298,13.594578643762642,13.736867965643986,13.88115728752533,14.027446609406672,14.175735931288017,14.32602525316936],[10.42988527117068,10.342174593052023,10.25646391493337,10.172753236814716,10.09104255869606,10.011331880577407,9.933621202458752,9.857910524340097,9.784199846221444,9.712489168102788,9.642778489984135,9.57506781186548,9.509357133746825,9.445646455628172,9.383935777509516,9.324225099390862,9.266514421272205,9.210803743153551,9.157093065034898,9.105382386916244,9.05567170879759,9.007961030678935,8.962250352560279,8.918539674441625,8.87682899632297,8.837118318204315,8.799407640085661,8.763696961967007,8.729986283848351,8.698275605729695,8.66856492761104,8.640854249492385,8.615143571373732,8.591432893255078,8.569722215136423,8.550011537017767,8.532300858899113,8.516590180780458,8.502879502661802,8.491168824543147,8.481458146424494,8.473747468305838,8.468036790187183,8.464326112068527,8.462615433949873,8.462904755831218,8.465194077712562,8.469483399593909,8.475772721475252,8.484062043356598,8.494351365237943,8.506640687119287,8.520930009000633,8.537219330881976,8.555508652763322,8.575797974644667,8.598087296526012,8.622376618407356,8.648665940288701,8.676955262170047,8.707244584051391,8.739533905932737,8.77382322781408,8.810112549695425,8.848401871576769,8.888691193458115,8.93098051533946,8.975269837220804,9.021559159102148,9.069848480983493,9.12013780286484,9.172427124746182,9.226716446627528,9.283005768508872,9.341295090390217,9.40158441227156,9.463873734152905,9.52816305603425,9.594452377915594,9.662741699796939,9.733031021678284,9.805320343559629,9.879609665440974,9.955898987322318,10.034188309203662,10.114477631085007,10.196766952966351,10.281056274847696,10.36734559672904,10.455634918610384,10.545924240491729,10.638213562373073,10.732502884254417,10.828792206135763,10.927081528017105,11.02737084989845,11.129660171779793,11.233949493661138,11.340238815542483,11.448528137423827,11.55881745930517,11.671106781186515,11.785396103067859,11.901685424949203,12.019974746830549,12.140264068711893,12.262553390593236,12.386842712474582,12.513132034355925,12.641421356237268,12.771710678118614,12.903999999999957,13.038289321881301,13.174578643762645,13.312867965643989,13.453157287525332,13.595446609406677,13.73973593128802,13.886025253169363,14.034314575050708],[10.378174593052023,10.28846391493337,10.200753236814716,10.11504255869606,10.031331880577406,9.94962120245875,9.869910524340098,9.792199846221443,9.716489168102788,9.642778489984135,9.571067811865479,9.501357133746826,9.433646455628171,9.367935777509516,9.304225099390862,9.242514421272206,9.182803743153553,9.125093065034898,9.069382386916242,9.015671708797589,8.963961030678934,8.91425035256028,8.866539674441626,8.82082899632297,8.777118318204316,8.735407640085661,8.695696961967005,8.657986283848352,8.622275605729698,8.588564927611042,8.556854249492385,8.527143571373731,8.499432893255078,8.473722215136423,8.450011537017769,8.428300858899114,8.408590180780458,8.390879502661804,8.375168824543149,8.361458146424493,8.34974746830584,8.340036790187185,8.332326112068529,8.326615433949874,8.322904755831217,8.321194077712564,8.321483399593909,8.323772721475255,8.3280620433566,8.334351365237943,8.342640687119289,8.352930009000634,8.365219330881978,8.379508652763324,8.395797974644669,8.414087296526013,8.434376618407358,8.456665940288703,8.480955262170047,8.507244584051392,8.535533905932738,8.565823227814082,8.598112549695427,8.632401871576771,8.668691193458116,8.706980515339461,8.747269837220806,8.78955915910215,8.833848480983495,8.88013780286484,8.928427124746184,8.97871644662753,9.031005768508873,9.085295090390218,9.141584412271563,9.199873734152908,9.260163056034251,9.322452377915596,9.386741699796941,9.453031021678285,9.52132034355963,9.591609665440975,9.66389898732232,9.738188309203665,9.814477631085008,9.892766952966353,9.973056274847698,10.055345596729042,10.139634918610387,10.22592424049173,10.314213562373075,10.40450288425442,10.496792206135764,10.591081528017108,10.687370849898453,10.785660171779796,10.88594949366114,10.988238815542484,11.092528137423828,11.198817459305173,11.307106781186517,11.41739610306786,11.529685424949205,11.643974746830551,11.760264068711896,11.87855339059324,11.998842712474584,12.121132034355927,12.245421356237273,12.371710678118616,12.49999999999996,12.630289321881305,12.762578643762648,12.896867965643992,13.033157287525336,13.17144660940668,13.311735931288023,13.454025253169368,13.598314575050711,13.744603896932055],[10.32846391493337,10.236753236814716,10.14704255869606,10.059331880577407,9.973621202458752,9.889910524340097,9.808199846221441,9.728489168102788,9.650778489984134,9.57506781186548,9.501357133746826,9.42964645562817,9.359935777509516,9.292225099390862,9.226514421272206,9.162803743153553,9.101093065034899,9.041382386916244,8.983671708797589,8.927961030678933,8.87425035256028,8.822539674441625,8.772828996322971,8.725118318204316,8.67940764008566,8.635696961967007,8.593986283848352,8.554275605729696,8.516564927611043,8.480854249492388,8.447143571373733,8.415432893255078,8.385722215136424,8.358011537017768,8.332300858899114,8.30859018078046,8.286879502661805,8.267168824543148,8.249458146424494,8.23374746830584,8.220036790187184,8.20832611206853,8.198615433949875,8.19090475583122,8.185194077712564,8.181483399593908,8.179772721475256,8.1800620433566,8.182351365237945,8.18664068711929,8.192930009000634,8.20121933088198,8.211508652763325,8.22379797464467,8.238087296526015,8.25437661840736,8.272665940288704,8.292955262170048,8.315244584051394,8.33953390593274,8.365823227814083,8.394112549695429,8.424401871576773,8.456691193458118,8.490980515339462,8.527269837220807,8.565559159102152,8.605848480983497,8.648137802864841,8.692427124746185,8.738716446627532,8.787005768508877,8.83729509039022,8.889584412271564,8.943873734152909,9.000163056034253,9.058452377915598,9.118741699796942,9.181031021678287,9.245320343559632,9.311609665440976,9.37989898732232,9.450188309203666,9.52247763108501,9.596766952966355,9.6730562748477,9.751345596729045,9.831634918610389,9.913924240491733,9.998213562373078,10.084502884254421,10.172792206135766,10.26308152801711,10.355370849898456,10.4496601717798,10.545949493661144,10.644238815542488,10.744528137423831,10.846817459305175,10.95110678118652,11.057396103067864,11.165685424949208,11.275974746830553,11.388264068711898,11.502553390593242,11.618842712474587,11.73713203435593,11.857421356237275,11.979710678118618,12.103999999999964,12.230289321881306,12.35857864376265,12.488867965643996,12.621157287525339,12.755446609406683,12.891735931288027,13.03002525316937,13.170314575050714,13.31260389693206,13.456893218813404],[10.280753236814714,10.18704255869606,10.095331880577406,10.005621202458752,9.917910524340098,9.832199846221442,9.748489168102788,9.666778489984134,9.58706781186548,9.509357133746825,9.433646455628171,9.359935777509516,9.28822509939086,9.218514421272207,9.150803743153553,9.085093065034899,9.021382386916244,8.95967170879759,8.899961030678934,8.84225035256028,8.786539674441624,8.73282899632297,8.681118318204316,8.631407640085662,8.583696961967007,8.537986283848351,8.494275605729698,8.452564927611043,8.412854249492387,8.375143571373734,8.33943289325508,8.305722215136424,8.274011537017769,8.244300858899114,8.216590180780459,8.190879502661804,8.16716882454315,8.145458146424495,8.12574746830584,8.108036790187185,8.09232611206853,8.078615433949874,8.06690475583122,8.057194077712566,8.04948339959391,8.043772721475257,8.0400620433566,8.038351365237947,8.03864068711929,8.040930009000636,8.04521933088198,8.051508652763324,8.05979797464467,8.070087296526015,8.08237661840736,8.096665940288705,8.11295526217005,8.131244584051394,8.151533905932741,8.173823227814085,8.19811254969543,8.224401871576774,8.25269119345812,8.282980515339464,8.315269837220809,8.349559159102153,8.385848480983498,8.424137802864843,8.464427124746187,8.506716446627532,8.551005768508876,8.597295090390222,8.645584412271567,8.695873734152912,8.748163056034256,8.8024523779156,8.858741699796944,8.91703102167829,8.977320343559633,9.039609665440977,9.103898987322323,9.170188309203667,9.238477631085013,9.308766952966357,9.381056274847701,9.455345596729046,9.53163491861039,9.609924240491736,9.69021356237308,9.772502884254424,9.856792206135768,9.943081528017114,10.031370849898458,10.121660171779801,10.213949493661147,10.308238815542492,10.404528137423835,10.502817459305179,10.603106781186522,10.705396103067866,10.80968542494921,10.915974746830557,11.0242640687119,11.134553390593243,11.246842712474589,11.361132034355933,11.477421356237278,11.595710678118621,11.715999999999966,11.838289321881309,11.962578643762654,12.088867965643997,12.21715728752534,12.347446609406687,12.47973593128803,12.614025253169373,12.75031457505072,12.888603896932063,13.028893218813407,13.171182540694751],[10.23504255869606,10.139331880577405,10.04562120245875,9.953910524340097,9.864199846221442,9.776489168102788,9.690778489984133,9.60706781186548,9.525357133746825,9.445646455628172,9.367935777509516,9.292225099390862,9.218514421272207,9.146803743153551,9.077093065034898,9.009382386916243,8.94367170879759,8.879961030678935,8.81825035256028,8.758539674441625,8.70082899632297,8.645118318204316,8.591407640085663,8.539696961967007,8.489986283848353,8.442275605729698,8.396564927611042,8.352854249492388,8.311143571373734,8.27143289325508,8.233722215136424,8.19801153701777,8.164300858899114,8.13259018078046,8.102879502661805,8.07516882454315,8.049458146424495,8.025747468305841,8.004036790187186,7.984326112068532,7.966615433949876,7.950904755831221,7.937194077712566,7.925483399593912,7.915772721475257,7.908062043356602,7.902351365237947,7.898640687119292,7.896930009000637,7.897219330881981,7.899508652763327,7.903797974644672,7.910087296526017,7.918376618407362,7.928665940288707,7.940955262170052,7.955244584051396,7.971533905932741,7.989823227814086,8.010112549695432,8.032401871576775,8.056691193458121,8.082980515339466,8.11126983722081,8.141559159102155,8.1738484809835,8.208137802864844,8.244427124746188,8.282716446627534,8.323005768508878,8.365295090390223,8.409584412271567,8.455873734152913,8.504163056034258,8.554452377915602,8.606741699796947,8.661031021678292,8.717320343559635,8.775609665440982,8.835898987322324,8.898188309203668,8.962477631085013,9.02876695296636,9.097056274847704,9.16734559672905,9.239634918610392,9.313924240491737,9.39021356237308,9.468502884254427,9.54879220613577,9.631081528017116,9.71537084989846,9.801660171779805,9.889949493661149,9.980238815542492,10.072528137423838,10.166817459305182,10.263106781186526,10.36139610306787,10.461685424949213,10.563974746830556,10.668264068711903,10.774553390593248,10.882842712474591,10.993132034355934,11.10542135623728,11.219710678118624,11.335999999999968,11.454289321881312,11.574578643762656,11.696867965644,11.821157287525345,11.947446609406688,12.075735931288031,12.206025253169377,12.33831457505072,12.472603896932066,12.60889321881341,12.747182540694753,12.887471862576097],[10.191331880577405,10.09362120245875,9.997910524340096,9.904199846221442,9.812489168102788,9.722778489984133,9.63506781186548,9.549357133746824,9.465646455628171,9.383935777509516,9.304225099390862,9.226514421272206,9.150803743153553,9.077093065034898,9.005382386916244,8.935671708797589,8.867961030678934,8.80225035256028,8.738539674441625,8.676828996322971,8.617118318204316,8.559407640085663,8.503696961967007,8.449986283848354,8.398275605729697,8.348564927611044,8.300854249492389,8.255143571373733,8.211432893255079,8.169722215136424,8.13001153701777,8.092300858899115,8.05659018078046,8.022879502661805,7.99116882454315,7.961458146424497,7.9337474683058415,7.908036790187187,7.884326112068532,7.862615433949877,7.842904755831222,7.825194077712567,7.809483399593912,7.795772721475258,7.784062043356602,7.774351365237948,7.766640687119293,7.760930009000638,7.757219330881982,7.755508652763328,7.755797974644673,7.758087296526018,7.762376618407363,7.768665940288708,7.776955262170053,7.787244584051398,7.799533905932742,7.813823227814087,7.830112549695432,7.848401871576777,7.8686911934581225,7.890980515339467,7.915269837220812,7.941559159102157,7.969848480983501,8.000137802864845,8.03242712474619,8.066716446627536,8.103005768508881,8.141295090390225,8.181584412271569,8.223873734152914,8.26816305603426,8.314452377915604,8.362741699796949,8.413031021678293,8.465320343559638,8.519609665440983,8.575898987322326,8.634188309203672,8.694477631085016,8.75676695296636,8.821056274847706,8.88734559672905,8.955634918610395,9.02592424049174,9.098213562373083,9.172502884254428,9.248792206135773,9.327081528017118,9.407370849898463,9.489660171779807,9.57394949366115,9.660238815542495,9.74852813742384,9.838817459305183,9.931106781186529,10.025396103067873,10.121685424949217,10.21997474683056,10.320264068711904,10.422553390593247,10.526842712474593,10.633132034355938,10.741421356237282,10.851710678118625,10.96399999999997,11.078289321881314,11.194578643762659,11.312867965644003,11.433157287525347,11.55544660940669,11.679735931288036,11.806025253169379,11.934314575050724,12.06460389693207,12.196893218813413,12.331182540694757,12.467471862576101,12.605761184457444],[10.14962120245875,10.049910524340095,9.952199846221442,9.856489168102787,9.762778489984134,9.67106781186548,9.581357133746824,9.49364645562817,9.407935777509515,9.324225099390862,9.242514421272206,9.162803743153553,9.085093065034899,9.009382386916243,8.935671708797589,8.863961030678935,8.79425035256028,8.726539674441625,8.660828996322971,8.597118318204316,8.535407640085662,8.475696961967007,8.417986283848354,8.362275605729698,8.308564927611044,8.256854249492388,8.207143571373734,8.15943289325508,8.113722215136425,8.07001153701777,8.028300858899115,7.988590180780461,7.950879502661806,7.9151688245431515,7.881458146424497,7.849747468305842,7.820036790187188,7.792326112068532,7.766615433949878,7.742904755831223,7.721194077712568,7.701483399593913,7.6837727214752585,7.668062043356604,7.6543513652379485,7.642640687119293,7.6329300090006384,7.625219330881984,7.6195086527633284,7.615797974644673,7.6140872965260185,7.6143766184073645,7.6166659402887085,7.620955262170054,7.6272445840513985,7.635533905932744,7.6458232278140885,7.658112549695433,7.672401871576778,7.688691193458123,7.706980515339469,7.727269837220813,7.749559159102158,7.773848480983503,7.800137802864848,7.828427124746192,7.858716446627538,7.891005768508882,7.925295090390227,7.961584412271572,7.999873734152916,8.040163056034261,8.082452377915605,8.12674169979695,8.173031021678295,8.22132034355964,8.271609665440984,8.323898987322329,8.378188309203674,8.4344776310