{
 "cells": [
  {
   "cell_type": "markdown",
   "metadata": {},
   "source": [
    "# Plot failure domain for toy problems"
   ]
  },
  {
   "cell_type": "code",
   "execution_count": 8,
   "metadata": {
    "execution": {
     "iopub.execute_input": "2023-02-05T15:56:58.133003Z",
     "iopub.status.busy": "2023-02-05T15:56:58.132153Z",
     "iopub.status.idle": "2023-02-05T15:57:08.634592Z",
     "shell.execute_reply": "2023-02-05T15:57:08.635035Z"
    }
   },
   "outputs": [
    {
     "name": "stdout",
     "output_type": "stream",
     "text": [
      "The autoreload extension is already loaded. To reload it, use:\n",
      "  %reload_ext autoreload\n"
     ]
    }
   ],
   "source": [
    "from os import path\n",
    "import rareeventestimation as ree\n",
    "import numpy as np\n",
    "import plotly.express as px\n",
    "from rareeventestimation.evaluation.constants import INDICATOR_APPROX_LATEX_NAME, BM_SOLVER_SCATTER_STYLE, MY_LAYOUT, DF_COLUMNS_TO_LATEX, LATEX_TO_HTML, WRITE_SCALE, WIDTH\n",
    "import plotly.graph_objects as go\n",
    "from IPython.display import display, Markdown\n",
    "# recommended: use autoreload for development: https://ipython.readthedocs.io/en/stable/config/extensions/autoreload.html\n",
    "%load_ext autoreload\n",
    "%autoreload 2"
   ]
  },
  {
   "cell_type": "code",
   "execution_count": 10,
   "metadata": {
    "execution": {
     "iopub.execute_input": "2023-02-05T15:57:08.651169Z",
     "iopub.status.busy": "2023-02-05T15:57:08.650513Z",
     "iopub.status.idle": "2023-02-05T15:57:11.901037Z",
     "shell.execute_reply": "2023-02-05T15:57:11.898008Z"
    }
   },
   "outputs": [
    {
     "data": {
      "application/vnd.plotly.v1+json": {
       "config": {
        "plotlyServerURL": "https://plot.ly"
       },
       "data": [
        {
         "colorscale": [
          [
           0,
           "lightgrey"
          ],
          [
           1,
           "white"
          ]
         ],
         "contours": {
          "end": 0,
          "showlabels": false,
          "size": 0,
          "start": 0
         },
         "line": {
          "width": 2
         },
         "showlegend": false,
         "showscale": false,
         "type": "contour",
         "x": [
          -1,
          -0.9,
          -0.8,
          -0.7000000000000001,
          -0.6000000000000001,
          -0.5000000000000001,
          -0.40000000000000013,
          -0.30000000000000016,
          -0.20000000000000018,
          -0.1000000000000002,
          -2.220446049250313e-16,
          0.09999999999999964,
          0.19999999999999973,
          0.2999999999999998,
          0.3999999999999997,
          0.49999999999999956,
          0.5999999999999996,
          0.6999999999999997,
          0.7999999999999996,
          0.8999999999999995,
          0.9999999999999996,
          1.0999999999999996,
          1.1999999999999993,
          1.2999999999999994,
          1.3999999999999995,
          1.4999999999999996,
          1.5999999999999996,
          1.6999999999999993,
          1.7999999999999994,
          1.8999999999999995,
          1.9999999999999991,
          2.099999999999999,
          2.1999999999999993,
          2.2999999999999994,
          2.3999999999999995,
          2.499999999999999,
          2.599999999999999,
          2.6999999999999993,
          2.799999999999999,
          2.899999999999999,
          2.999999999999999,
          3.0999999999999988,
          3.1999999999999993,
          3.299999999999999,
          3.3999999999999986,
          3.499999999999999,
          3.5999999999999988,
          3.6999999999999993,
          3.799999999999999,
          3.8999999999999986,
          3.999999999999999,
          4.099999999999999,
          4.199999999999999,
          4.299999999999999,
          4.399999999999999,
          4.499999999999999,
          4.599999999999999,
          4.699999999999998,
          4.799999999999999,
          4.899999999999999,
          4.999999999999998,
          5.099999999999999,
          5.199999999999998,
          5.299999999999999,
          5.399999999999999,
          5.499999999999998,
          5.599999999999999,
          5.699999999999998,
          5.799999999999999,
          5.899999999999999
         ],
         "y": [
          -1,
          -0.9,
          -0.8,
          -0.7000000000000001,
          -0.6000000000000001,
          -0.5000000000000001,
          -0.40000000000000013,
          -0.30000000000000016,
          -0.20000000000000018,
          -0.1000000000000002,
          -2.220446049250313e-16,
          0.09999999999999964,
          0.19999999999999973,
          0.2999999999999998,
          0.3999999999999997,
          0.49999999999999956,
          0.5999999999999996,
          0.6999999999999997,
          0.7999999999999996,
          0.8999999999999995,
          0.9999999999999996,
          1.0999999999999996,
          1.1999999999999993,
          1.2999999999999994,
          1.3999999999999995,
          1.4999999999999996,
          1.5999999999999996,
          1.6999999999999993,
          1.7999999999999994,
          1.8999999999999995,
          1.9999999999999991,
          2.099999999999999,
          2.1999999999999993,
          2.2999999999999994,
          2.3999999999999995,
          2.499999999999999,
          2.599999999999999,
          2.6999999999999993,
          2.799999999999999,
          2.899999999999999,
          2.999999999999999,
          3.0999999999999988,
          3.1999999999999993,
          3.299999999999999,
          3.3999999999999986,
          3.499999999999999,
          3.5999999999999988,
          3.6999999999999993,
          3.799999999999999,
          3.8999999999999986,
          3.999999999999999,
          4.099999999999999,
          4.199999999999999,
          4.299999999999999,
          4.399999999999999,
          4.499999999999999,
          4.599999999999999,
          4.699999999999998,
          4.799999999999999,
          4.899999999999999,
          4.999999999999998,
          5.099999999999999,
          5.199999999999998,
          5.299999999999999,
          5.399999999999999,
          5.499999999999998,
          5.599999999999999,
          5.699999999999998,
          5.799999999999999,
          5.899999999999999
         ],
         "z": [
          [
           3.914213562373095,
           3.8445028842544398,
           3.7767922061357853,
           3.7110815280171305,
           3.647370849898476,
           3.5856601717798213,
           3.525949493661167,
           3.4682388155425117,
           3.412528137423857,
           3.358817459305202,
           3.3071067811865476,
           3.257396103067893,
           3.209685424949238,
           3.163974746830583,
           3.1202640687119287,
           3.078553390593274,
           3.038842712474619,
           3.0011320343559644,
           2.9654213562373095,
           2.931710678118655,
           2.9000000000000004,
           2.8702893218813452,
           2.8425786437626908,
           2.816867965644036,
           2.793157287525381,
           2.7714466094067265,
           2.7517359312880716,
           2.734025253169417,
           2.718314575050762,
           2.7046038969321073,
           2.6928932188134524,
           2.683182540694798,
           2.675471862576143,
           2.6697611844574882,
           2.666050506338834,
           2.6643398282201787,
           2.664629150101524,
           2.6669184719828696,
           2.6712077938642147,
           2.6774971157455596,
           2.685786437626905,
           2.69607575950825,
           2.708365081389595,
           2.722654403270941,
           2.738943725152286,
           2.7572330470336315,
           2.7775223689149766,
           2.7998116907963215,
           2.8241010126776667,
           2.8503903345590125,
           2.878679656440357,
           2.908968978321703,
           2.941258300203048,
           2.9755476220843935,
           3.011836943965738,
           3.0501262658470836,
           3.0904155877284287,
           3.1327049096097737,
           3.1769942314911193,
           3.223283553372464,
           3.2715728752538094,
           3.321862197135155,
           3.3741515190165003,
           3.4284408408978453,
           3.4847301627791905,
           3.5430194846605354,
           3.6033088065418806,
           3.665598128423226,
           3.7298874503045716,
           3.796176772185917
          ],
          [
           3.8445028842544398,
           3.7727922061357857,
           3.7030815280171305,
           3.635370849898476,
           3.5696601717798213,
           3.5059494936611664,
           3.444238815542512,
           3.384528137423857,
           3.326817459305202,
           3.2711067811865475,
           3.217396103067893,
           3.1656854249492383,
           3.1159747468305836,
           3.0682640687119287,
           3.022553390593274,
           2.978842712474619,
           2.9371320343559644,
           2.8974213562373095,
           2.859710678118655,
           2.8240000000000003,
           2.790289321881345,
           2.7585786437626907,
           2.728867965644036,
           2.701157287525381,
           2.6754466094067264,
           2.6517359312880715,
           2.630025253169417,
           2.6103145750507624,
           2.5926038969321072,
           2.576893218813453,
           2.5631825406947977,
           2.5514718625761432,
           2.5417611844574886,
           2.5340505063388337,
           2.5283398282201786,
           2.524629150101524,
           2.5229184719828694,
           2.5232077938642146,
           2.5254971157455595,
           2.529786437626905,
           2.5360757595082504,
           2.5443650813895955,
           2.5546544032709413,
           2.566943725152286,
           2.5812330470336313,
           2.597522368914977,
           2.6158116907963223,
           2.636101012677667,
           2.6583903345590123,
           2.6826796564403574,
           2.7089689783217032,
           2.737258300203048,
           2.7675476220843938,
           2.7998369439657385,
           2.8341262658470843,
           2.870415587728429,
           2.9087049096097743,
           2.9489942314911195,
           2.9912835533724653,
           3.03557287525381,
           3.081862197135155,
           3.1301515190165006,
           3.180440840897846,
           3.2327301627791916,
           3.287019484660536,
           3.3433088065418817,
           3.4015981284232266,
           3.461887450304572,
           3.5241767721859185,
           3.588466094067263
          ],
          [
           3.7767922061357853,
           3.7030815280171305,
           3.631370849898476,
           3.5616601717798213,
           3.493949493661167,
           3.428238815542512,
           3.364528137423857,
           3.3028174593052024,
           3.2431067811865475,
           3.185396103067893,
           3.129685424949238,
           3.0759747468305836,
           3.0242640687119287,
           2.974553390593274,
           2.926842712474619,
           2.8811320343559643,
           2.83742135623731,
           2.7957106781186547,
           2.7560000000000002,
           2.7182893218813455,
           2.6825786437626906,
           2.648867965644036,
           2.6171572875253815,
           2.5874466094067268,
           2.559735931288072,
           2.534025253169417,
           2.510314575050762,
           2.4886038969321076,
           2.4688932188134527,
           2.4511825406947976,
           2.435471862576143,
           2.4217611844574884,
           2.4100505063388336,
           2.4003398282201793,
           2.392629150101524,
           2.3869184719828693,
           2.383207793864215,
           2.38149711574556,
           2.3817864376269053,
           2.3840757595082507,
           2.3883650813895954,
           2.3946544032709407,
           2.402943725152286,
           2.413233047033631,
           2.425522368914976,
           2.4398116907963217,
           2.4561010126776672,
           2.474390334559012,
           2.4946796564403573,
           2.5169689783217026,
           2.5412583002030478,
           2.567547622084393,
           2.5958369439657383,
           2.6261262658470836,
           2.658415587728429,
           2.692704909609774,
           2.728994231491119,
           2.7672835533724647,
           2.8075728752538094,
           2.8498621971351548,
           2.8941515190165,
           2.940440840897845,
           2.98873016277919,
           3.039019484660536,
           3.091308806541881,
           3.1455981284232255,
           3.201887450304571,
           3.2601767721859165,
           3.3204660940672612,
           3.382755415948607
          ],
          [
           3.7110815280171305,
           3.635370849898476,
           3.5616601717798213,
           3.4899494936611664,
           3.420238815542512,
           3.352528137423857,
           3.2868174593052024,
           3.2231067811865475,
           3.1613961030678928,
           3.1016854249492383,
           3.0439747468305836,
           2.9882640687119286,
           2.934553390593274,
           2.882842712474619,
           2.8331320343559643,
           2.78542135623731,
           2.739710678118655,
           2.696,
           2.6542893218813455,
           2.614578643762691,
           2.576867965644036,
           2.5411572875253814,
           2.5074466094067267,
           2.475735931288072,
           2.446025253169417,
           2.418314575050762,
           2.3926038969321075,
           2.3688932188134526,
           2.3471825406947984,
           2.3274718625761435,
           2.309761184457489,
           2.294050506338834,
           2.280339828220179,
           2.2686291501015243,
           2.2589184719828697,
           2.251207793864215,
           2.24549711574556,
           2.2417864376269057,
           2.2400757595082506,
           2.2403650813895957,
           2.242654403270941,
           2.2469437251522866,
           2.253233047033632,
           2.261522368914977,
           2.271811690796322,
           2.2841010126776675,
           2.298390334559013,
           2.314679656440358,
           2.3329689783217034,
           2.3532583002030485,
           2.3755476220843934,
           2.3998369439657385,
           2.4261262658470844,
           2.454415587728429,
           2.4847049096097744,
           2.5169942314911196,
           2.5512835533724654,
           2.58757287525381,
           2.6258621971351555,
           2.6661515190165006,
           2.7084408408978455,
           2.752730162779191,
           2.7990194846605356,
           2.8473088065418812,
           2.8975981284232266,
           2.9498874503045722,
           3.004176772185917,
           3.0604660940672623,
           3.1187554159486077,
           3.1790447378299524
          ],
          [
           3.647370849898476,
           3.5696601717798213,
           3.493949493661167,
           3.420238815542512,
           3.348528137423857,
           3.2788174593052024,
           3.2111067811865475,
           3.1453961030678927,
           3.0816854249492383,
           3.0199747468305835,
           2.9602640687119286,
           2.902553390593274,
           2.8468427124746194,
           2.7931320343559642,
           2.7414213562373098,
           2.691710678118655,
           2.644,
           2.5982893218813454,
           2.554578643762691,
           2.5128679656440362,
           2.4731572875253813,
           2.4354466094067266,
           2.3997359312880717,
           2.366025253169417,
           2.334314575050762,
           2.3046038969321074,
           2.276893218813453,
           2.2511825406947983,
           2.2274718625761434,
           2.2057611844574883,
           2.186050506338834,
           2.168339828220179,
           2.1526291501015242,
           2.1389184719828696,
           2.1272077938642147,
           2.11749711574556,
           2.109786437626905,
           2.1040757595082504,
           2.1003650813895955,
           2.098654403270941,
           2.098943725152286,
           2.1012330470336313,
           2.105522368914977,
           2.111811690796322,
           2.120101012677667,
           2.130390334559013,
           2.142679656440358,
           2.1569689783217028,
           2.173258300203048,
           2.1915476220843932,
           2.211836943965739,
           2.234126265847084,
           2.2584155877284284,
           2.2847049096097742,
           2.312994231491119,
           2.3432835533724656,
           2.3755728752538103,
           2.409862197135156,
           2.4461515190165,
           2.4844408408978453,
           2.5247301627791896,
           2.567019484660537,
           2.6113088065418824,
           2.6575981284232255,
           2.7058874503045707,
           2.756176772185916,
           2.8084660940672634,
           2.862755415948608,
           2.919044737829952,
           2.977334059711297
          ],
          [
           3.5856601717798213,
           3.5059494936611664,
           3.428238815542512,
           3.352528137423857,
           3.2788174593052024,
           3.2071067811865475,
           3.1373961030678927,
           3.0696854249492382,
           3.0039747468305835,
           2.9402640687119286,
           2.878553390593274,
           2.8188427124746194,
           2.7611320343559647,
           2.7054213562373097,
           2.651710678118655,
           2.6000000000000005,
           2.5502893218813454,
           2.502578643762691,
           2.456867965644036,
           2.4131572875253813,
           2.3714466094067266,
           2.3317359312880717,
           2.294025253169417,
           2.2583145750507625,
           2.2246038969321074,
           2.192893218813453,
           2.1631825406947978,
           2.1354718625761433,
           2.1097611844574886,
           2.0860505063388337,
           2.064339828220179,
           2.0446291501015246,
           2.0269184719828695,
           2.0112077938642146,
           1.9974971157455599,
           1.9857864376269052,
           1.9760757595082505,
           1.9683650813895956,
           1.962654403270941,
           1.9589437251522863,
           1.9572330470336314,
           1.9575223689149766,
           1.959811690796322,
           1.9641010126776672,
           1.9703903345590126,
           1.9786796564403575,
           1.9889689783217028,
           2.001258300203048,
           2.0155476220843935,
           2.0318369439657387,
           2.050126265847084,
           2.070415587728429,
           2.092704909609774,
           2.116994231491119,
           2.143283553372465,
           2.1715728752538097,
           2.2018621971351555,
           2.2341515190165007,
           2.268440840897846,
           2.3047301627791907,
           2.343019484660536,
           2.3833088065418813,
           2.425598128423226,
           2.469887450304572,
           2.5161767721859167,
           2.564466094067262,
           2.6147554159486077,
           2.667044737829953,
           2.721334059711298,
           2.777623381592643
          ],
          [
           3.525949493661167,
           3.444238815542512,
           3.364528137423857,
           3.2868174593052024,
           3.2111067811865475,
           3.1373961030678927,
           3.0656854249492382,
           2.9959747468305835,
           2.9282640687119286,
           2.862553390593274,
           2.7988427124746194,
           2.7371320343559646,
           2.6774213562373097,
           2.619710678118655,
           2.5640000000000005,
           2.510289321881346,
           2.458578643762691,
           2.408867965644036,
           2.3611572875253812,
           2.3154466094067265,
           2.271735931288072,
           2.230025253169417,
           2.1903145750507624,
           2.1526038969321077,
           2.116893218813453,
           2.083182540694798,
           2.0514718625761432,
           2.021761184457489,
           1.9940505063388339,
           1.9683398282201792,
           1.9446291501015245,
           1.9229184719828696,
           1.903207793864215,
           1.88549711574556,
           1.8697864376269053,
           1.8560757595082509,
           1.8443650813895955,
           1.8346544032709415,
           1.8269437251522866,
           1.8212330470336313,
           1.817522368914977,
           1.8158116907963224,
           1.8161010126776678,
           1.818390334559013,
           1.8226796564403582,
           1.8289689783217036,
           1.8372583002030487,
           1.8475476220843943,
           1.859836943965739,
           1.8741262658470843,
           1.8904155877284297,
           1.9087049096097748,
           1.92899423149112,
           1.9512835533724653,
           1.9755728752538104,
           2.0018621971351562,
           2.030151519016501,
           2.0604408408978463,
           2.0927301627791914,
           2.127019484660537,
           2.163308806541882,
           2.201598128423227,
           2.2418874503045725,
           2.2841767721859183,
           2.328466094067263,
           2.3747554159486075,
           2.423044737829953,
           2.4733340597112985,
           2.525623381592644,
           2.5799127034739886
          ],
          [
           3.4682388155425117,
           3.384528137423857,
           3.3028174593052024,
           3.2231067811865475,
           3.1453961030678927,
           3.0696854249492382,
           2.9959747468305835,
           2.9242640687119286,
           2.854553390593274,
           2.7868427124746193,
           2.7211320343559646,
           2.6574213562373097,
           2.595710678118655,
           2.536,
           2.4782893218813458,
           2.422578643762691,
           2.368867965644036,
           2.317157287525381,
           2.2674466094067265,
           2.219735931288072,
           2.1740252531694173,
           2.1303145750507624,
           2.0886038969321077,
           2.048893218813453,
           2.011182540694798,
           1.9754718625761436,
           1.9417611844574887,
           1.910050506338834,
           1.8803398282201793,
           1.8526291501015246,
           1.8269184719828697,
           1.8032077938642153,
           1.7814971157455604,
           1.7617864376269057,
           1.7440757595082508,
           1.728365081389596,
           1.7146544032709414,
           1.7029437251522865,
           1.6932330470336319,
           1.685522368914977,
           1.679811690796322,
           1.6761010126776676,
           1.6743903345590128,
           1.6746796564403579,
           1.676968978321703,
           1.6812583002030486,
           1.687547622084394,
           1.6958369439657388,
           1.706126265847084,
           1.718415587728429,
           1.7327049096097746,
           1.7489942314911198,
           1.7672835533724651,
           1.7875728752538103,
           1.8098621971351552,
           1.8341515190165003,
           1.8604408408978457,
           1.8887301627791904,
           1.9190194846605362,
           1.9513088065418813,
           1.9855981284232258,
           2.0218874503045714,
           2.060176772185917,
           2.100466094067262,
           2.1427554159486073,
           2.1870447378299525,
           2.2333340597112974,
           2.2816233815926426,
           2.3319127034739884,
           2.3842020253553335
          ],
          [
           3.412528137423857,
           3.326817459305202,
           3.2431067811865475,
           3.1613961030678928,
           3.0816854249492383,
           3.0039747468305835,
           2.9282640687119286,
           2.854553390593274,
           2.7828427124746193,
           2.7131320343559646,
           2.6454213562373097,
           2.579710678118655,
           2.5160000000000005,
           2.4542893218813453,
           2.394578643762691,
           2.336867965644036,
           2.281157287525381,
           2.2274466094067265,
           2.175735931288072,
           2.1260252531694173,
           2.0783145750507623,
           2.0326038969321076,
           1.9888932188134532,
           1.9471825406947982,
           1.9074718625761435,
           1.8697611844574886,
           1.834050506338834,
           1.8003398282201792,
           1.7686291501015245,
           1.7389184719828696,
           1.7112077938642152,
           1.6854971157455605,
           1.6617864376269056,
           1.6400757595082507,
           1.620365081389596,
           1.6026544032709413,
           1.5869437251522864,
           1.5732330470336318,
           1.5615223689149769,
           1.5518116907963222,
           1.5441010126776675,
           1.5383903345590129,
           1.5346796564403578,
           1.5329689783217033,
           1.5332583002030484,
           1.5355476220843938,
           1.539836943965739,
           1.5461262658470842,
           1.5544155877284294,
           1.5647049096097743,
           1.5769942314911196,
           1.5912835533724654,
           1.6075728752538103,
           1.625862197135156,
           1.646151519016501,
           1.668440840897846,
           1.692730162779191,
           1.7190194846605364,
           1.7473088065418816,
           1.777598128423227,
           1.8098874503045725,
           1.844176772185918,
           1.8804660940672626,
           1.918755415948608,
           1.9590447378299531,
           2.001334059711298,
           2.0456233815926437,
           2.091912703473988,
           2.1402020253553338,
           2.1904913472366796
          ],
          [
           3.358817459305202,
           3.2711067811865475,
           3.185396103067893,
           3.1016854249492383,
           3.0199747468305835,
           2.9402640687119286,
           2.862553390593274,
           2.7868427124746193,
           2.7131320343559646,
           2.6414213562373097,
           2.571710678118655,
           2.5040000000000004,
           2.4382893218813457,
           2.374578643762691,
           2.312867965644036,
           2.2531572875253816,
           2.1954466094067264,
           2.139735931288072,
           2.0860252531694172,
           2.0343145750507623,
           1.9846038969321076,
           1.9368932188134529,
           1.8911825406947982,
           1.8474718625761435,
           1.8057611844574886,
           1.7660505063388339,
           1.728339828220179,
           1.6926291501015245,
           1.6589184719828696,
           1.6272077938642149,
           1.5974971157455602,
           1.5697864376269055,
           1.5440757595082508,
           1.520365081389596,
           1.498654403270941,
           1.4789437251522866,
           1.4612330470336317,
           1.4455223689149768,
           1.431811690796322,
           1.4201010126776674,
           1.4103903345590127,
           1.4026796564403579,
           1.396968978321703,
           1.3932583002030483,
           1.3915476220843939,
           1.3918369439657385,
           1.394126265847084,
           1.3984155877284292,
           1.4047049096097746,
           1.4129942314911197,
           1.4232835533724657,
           1.4355728752538104,
           1.4498621971351564,
           1.4661515190165015,
           1.4844408408978467,
           1.5047301627791918,
           1.5270194846605367,
           1.5513088065418823,
           1.5775981284232277,
           1.6058874503045728,
           1.6361767721859182,
           1.6684660940672633,
           1.7027554159486087,
           1.7390447378299538,
           1.7773340597112988,
           1.817623381592644,
           1.8599127034739897,
           1.904202025355335,
           1.9504913472366807,
           1.998780669118025
          ],
          [
           3.3071067811865476,
           3.217396103067893,
           3.129685424949238,
           3.0439747468305836,
           2.9602640687119286,
           2.878553390593274,
           2.7988427124746194,
           2.7211320343559646,
           2.6454213562373097,
           2.571710678118655,
           2.5000000000000004,
           2.4302893218813457,
           2.3625786437626908,
           2.296867965644036,
           2.2331572875253816,
           2.171446609406727,
           2.111735931288072,
           2.054025253169417,
           1.9983145750507623,
           1.9446038969321078,
           1.892893218813453,
           1.8431825406947981,
           1.7954718625761437,
           1.7497611844574887,
           1.706050506338834,
           1.6643398282201791,
           1.6246291501015244,
           1.58691847198287,
           1.551207793864215,
           1.5174971157455603,
           1.4857864376269057,
           1.456075759508251,
           1.4283650813895958,
           1.4026544032709416,
           1.3789437251522862,
           1.3572330470336316,
           1.3375223689149771,
           1.319811690796322,
           1.3041010126776673,
           1.2903903345590133,
           1.2786796564403575,
           1.2689689783217033,
           1.2612583002030484,
           1.2555476220843935,
           1.2518369439657386,
           1.250126265847084,
           1.250415587728429,
           1.2527049096097744,
           1.2569942314911196,
           1.2632835533724651,
           1.27157287525381,
           1.2818621971351554,
           1.2941515190165007,
           1.308440840897846,
           1.3247301627791912,
           1.3430194846605366,
           1.3633088065418817,
           1.3855981284232266,
           1.4098874503045717,
           1.4361767721859175,
           1.4644660940672622,
           1.494755415948608,
           1.5270447378299532,
           1.5613340597112986,
           1.5976233815926433,
           1.6359127034739886,
           1.6762020253553338,
           1.7184913472366792,
           1.7627806691180243,
           1.8090699909993688
          ],
          [
           3.257396103067893,
           3.1656854249492383,
           3.0759747468305836,
           2.9882640687119286,
           2.902553390593274,
           2.8188427124746194,
           2.7371320343559646,
           2.6574213562373097,
           2.579710678118655,
           2.5040000000000004,
           2.4302893218813457,
           2.358578643762691,
           2.288867965644036,
           2.2211572875253816,
           2.155446609406727,
           2.0917359312880723,
           2.030025253169417,
           1.9703145750507625,
           1.912603896932108,
           1.856893218813453,
           1.8031825406947983,
           1.7514718625761434,
           1.701761184457489,
           1.6540505063388342,
           1.6083398282201795,
           1.5646291501015246,
           1.52291847198287,
           1.4832077938642154,
           1.4454971157455605,
           1.4097864376269058,
           1.376075759508251,
           1.3443650813895962,
           1.3146544032709415,
           1.2869437251522868,
           1.261233047033632,
           1.237522368914977,
           1.2158116907963223,
           1.1961010126776679,
           1.1783903345590132,
           1.1626796564403583,
           1.1489689783217036,
           1.1372583002030487,
           1.127547622084394,
           1.1198369439657392,
           1.1141262658470843,
           1.1104155877284296,
           1.1087049096097747,
           1.10899423149112,
           1.1112835533724656,
           1.1155728752538108,
           1.1218621971351561,
           1.1301515190165012,
           1.1404408408978468,
           1.1527301627791915,
           1.1670194846605368,
           1.1833088065418822,
           1.2015981284232273,
           1.221887450304573,
           1.2441767721859178,
           1.268466094067263,
           1.2947554159486083,
           1.3230447378299535,
           1.3533340597112988,
           1.385623381592644,
           1.4199127034739893,
           1.4562020253553345,
           1.4944913472366799,
           1.534780669118025,
           1.5770699909993704,
           1.621359312880715
          ],
          [
           3.209685424949238,
           3.1159747468305836,
           3.0242640687119287,
           2.934553390593274,
           2.8468427124746194,
           2.7611320343559647,
           2.6774213562373097,
           2.595710678118655,
           2.5160000000000005,
           2.4382893218813457,
           2.3625786437626908,
           2.288867965644036,
           2.2171572875253815,
           2.1474466094067264,
           2.079735931288072,
           2.014025253169417,
           1.9503145750507624,
           1.8886038969321077,
           1.828893218813453,
           1.7711825406947983,
           1.7154718625761434,
           1.6617611844574887,
           1.6100505063388342,
           1.5603398282201795,
           1.5126291501015245,
           1.4669184719828698,
           1.423207793864215,
           1.3814971157455604,
           1.3417864376269057,
           1.3040757595082508,
           1.2683650813895961,
           1.2346544032709414,
           1.2029437251522868,
           1.1732330470336318,
           1.1455223689149772,
           1.1198116907963223,
           1.0961010126776678,
           1.074390334559013,
           1.0546796564403582,
           1.0369689783217035,
           1.0212583002030486,
           1.0075476220843942,
           0.9958369439657389,
           0.9861262658470846,
           0.9784155877284297,
           0.9727049096097748,
           0.9689942314911202,
           0.9672835533724653,
           0.9675728752538104,
           0.969862197135156,
           0.9741515190165011,
           0.980440840897846,
           0.9887301627791918,
           0.9990194846605376,
           1.0113088065418827,
           1.0255981284232267,
           1.0418874503045719,
           1.0601767721859172,
           1.0804660940672637,
           1.1027554159486086,
           1.1270447378299537,
           1.1533340597112982,
           1.181623381592643,
           1.21191270347399,
           1.2442020253553352,
           1.2784913472366801,
           1.314780669118024,
           1.3530699909993693,
           1.3933593128807158,
           1.435648634762062
          ],
          [
           3.163974746830583,
           3.0682640687119287,
           2.974553390593274,
           2.882842712474619,
           2.7931320343559642,
           2.7054213562373097,
           2.619710678118655,
           2.536,
           2.4542893218813453,
           2.374578643762691,
           2.296867965644036,
           2.2211572875253816,
           2.1474466094067264,
           2.075735931288072,
           2.006025253169417,
           1.9383145750507624,
           1.8726038969321077,
           1.808893218813453,
           1.7471825406947983,
           1.6874718625761433,
           1.6297611844574886,
           1.574050506338834,
           1.5203398282201794,
           1.4686291501015245,
           1.4189184719828698,
           1.3712077938642149,
           1.3254971157455602,
           1.2817864376269057,
           1.2400757595082508,
           1.200365081389596,
           1.1626544032709414,
           1.1269437251522867,
           1.0932330470336318,
           1.061522368914977,
           1.0318116907963222,
           1.0041010126776677,
           0.978390334559013,
           0.9546796564403577,
           0.9329689783217034,
           0.9132583002030485,
           0.8955476220843939,
           0.879836943965739,
           0.8661262658470843,
           0.8544155877284294,
           0.8447049096097747,
           0.8369942314911198,
           0.8312835533724654,
           0.8275728752538103,
           0.8258621971351559,
           0.826151519016501,
           0.8284408408978463,
           0.8327301627791914,
           0.8390194846605368,
           0.8473088065418819,
           0.8575981284232268,
           0.8698874503045722,
           0.884176772185918,
           0.9004660940672631,
           0.9187554159486084,
           0.9390447378299536,
           0.9613340597112985,
           0.9856233815926436,
           1.011912703473989,
           1.0402020253553341,
           1.07049134723668,
           1.102780669118025,
           1.13706999099937,
           1.1733593128807147,
           1.2116486347620605,
           1.2519379566434057
          ],
          [
           3.1202640687119287,
           3.022553390593274,
           2.926842712474619,
           2.8331320343559643,
           2.7414213562373098,
           2.651710678118655,
           2.5640000000000005,
           2.4782893218813458,
           2.394578643762691,
           2.312867965644036,
           2.2331572875253816,
           2.155446609406727,
           2.079735931288072,
           2.006025253169417,
           1.9343145750507624,
           1.864603896932108,
           1.796893218813453,
           1.7311825406947983,
           1.6674718625761435,
           1.605761184457489,
           1.5460505063388341,
           1.4883398282201792,
           1.4326291501015247,
           1.37891847198287,
           1.327207793864215,
           1.2774971157455604,
           1.2297864376269054,
           1.184075759508251,
           1.140365081389596,
           1.0986544032709415,
           1.0589437251522869,
           1.021233047033632,
           0.9855223689149772,
           0.9518116907963223,
           0.9201010126776679,
           0.8903903345590134,
           0.8626796564403578,
           0.8369689783217038,
           0.8132583002030489,
           0.7915476220843938,
           0.7718369439657393,
           0.7541262658470846,
           0.7384155877284297,
           0.7247049096097751,
           0.7129942314911206,
           0.703283553372466,
           0.6955728752538111,
           0.6898621971351564,
           0.6861515190165015,
           0.6844408408978466,
           0.684730162779192,
           0.6870194846605371,
           0.6913088065418824,
           0.6975981284232275,
           0.7058874503045731,
           0.7161767721859187,
           0.7284660940672634,
           0.7427554159486087,
           0.7590447378299541,
           0.7773340597112992,
           0.7976233815926443,
           0.8199127034739893,
           0.8442020253553348,
           0.8704913472366806,
           0.8987806691180253,
           0.9290699909993707,
           0.9613593128807154,
           0.9956486347620617,
           1.0319379566434064,
           1.0702272785247513
          ],
          [
           3.078553390593274,
           2.978842712474619,
           2.8811320343559643,
           2.78542135623731,
           2.691710678118655,
           2.6000000000000005,
           2.510289321881346,
           2.422578643762691,
           2.336867965644036,
           2.2531572875253816,
           2.171446609406727,
           2.0917359312880723,
           2.014025253169417,
           1.9383145750507624,
           1.864603896932108,
           1.7928932188134532,
           1.7231825406947983,
           1.6554718625761435,
           1.589761184457489,
           1.526050506338834,
           1.4643398282201794,
           1.4046291501015247,
           1.34691847198287,
           1.2912077938642155,
           1.2374971157455605,
           1.1857864376269058,
           1.136075759508251,
           1.0883650813895962,
           1.0426544032709417,
           0.9989437251522868,
           0.9572330470336321,
           0.9175223689149772,
           0.8798116907963225,
           0.844101012677668,
           0.8103903345590131,
           0.7786796564403584,
